810034882
810059672
810094532
810098252
810105372
810130822
810182482
810202572
810274042
810359862
810363142
810392312
810393572
810412402
810431172
810432322
810438452
810441682
810463902
810483822
810547472
810556722
810574232
810582332
810584742
810684402
810703342
810733772
810855762
810859482
810876832
810894342
810902612
810969652
811014982
811025542
811060402
811102822
811114642
811141402
811162582
811167452
811176702
811235482
811251682
811280852
811320862
811349372
811410012
811413682
811445312
811451002
811480282
811489972
811544922
811546402
811546712
811546852
811547042
811548022
811548472
811548642
811548812
811549312
811550582
811551252
811551422
811551902
811552372
811555312
811555622
811555762
811556092
811556912
811557552
811560472
811560782
811561592
811561762
811561932
811563382
811563722
811564222
811565032
811566462
811566772
811566942
811567132
811567612
811568392
811568732
811569062
811569402
811569852
811571172
811571202
811571342
811571822
811572012
811572292
811572322
811572802
811572942
811573272
811573302
811573582
811573612
811573752
811576182
811576972
811577022
811577332
811577472
811577502
811577642
811577812
811578282
811580082
811581232
811582662
811582832
811583472
811583812
811584282
811584762
811585092
811585572
811586412
811586722
811587222
811587362
811588032
811588202
811589292
811591122
811592072
811592692
811592862
811593052
811593192
811593362
811593672
811594032
811594172
811594512
811594652
811594792
811595942
811597732
811598542
811598682
811598992
811599492
811599522
811600032
811600202
811600792
811602892
811602922
811603112
811604062
811604542
811604712
811604992
811605212
811605352
811606472
811607002
811608602
811609072
811610402
811610712
811611212
811611972
811612022
811612162
811612472
811612502
811613932
811615412
811615552
811616362
811618292
811618772
811620122
811620432
811620882
811621382
811621862
811623202
811624632
811624942
811625132
811625442
811625582
811625612
811625922
811626562
811629642
811630012
811630292
811630632
811632082
811632112
811632562
811633062
811633402
811633992
811634182
811635162
811636002
811636282
811637432
811639222
811639842
811640522
811641332
811641642
811642622
811643122
811644072
811644412
811644862
811646482
811648272
811648582
811649422
811649732
811649872
811650072
811650382
811651222
811651532
811651842
811653942
811654132
811654302
811654922
811655082
811655252
811655422
811655732
811655902
811656232
811656682
811656712
811656992
811657522
811659282
811660582
811661112
811661252
811661902
811662232
811662372
811662712
811665762
811668052
811668532
811669202
811669342
811669482
811669512
811671592
811671622
811671762
811673862
811674362
811674532
811674982
811675032
811675482
811675792
811676632
811678082
811678112
811679402
811679712
811679992
811680532
811682462
811683612
811683922
811684252
811684732
811684872
811685852
811686212
811686522
811687022
811687162
811687332
811687642
811687952
811688282
811689262
811689432
811690252
811693502
811694002
811695262
811695432
811695572
811695602
811696072
811697192
811697532
811697842
811699152
811699632
811701262
811701572
811701602
811702072
811702102
811702412
811702552
811703192
811703362
811703672
811703982
811704032
811705942
811706272
811708402
811708542
811708682
811708712
811708992
811710792
811710962
811711462
811711802
811712132
811712582
811712922
811713112
811713902
811714682
811714992
811715492
811716162
811717002
811717142
811717282
811717312
811717452
811717932
811718602
811718882
811720402
811720682
811721492
811721972
811722502
811723002
811723592
811723622
811724092
811725102
811726192
811726222
811726532
811727172
811727202
811727342
811727482
811727652
811727962
811728012
811728152
811728772
811729132
811729582
811729612
811729752
811729922
811730602
811730742
811730882
811730912
811731102
811731242
811731412
811731862
811732222
811732532
811732982
811733032
811733342
811733512
811733652
811734012
811736252
811736392
811736872
811737682
811737992
811738042
811738212
811738352
811740802
811741892
811742082
811742112
811742392
811742422
811742732
811743232
811743852
811744522
811744662
811745332
811745642
811745952
811747092
811747262
811747432
811747882
811747912
811748072
811748382
811749532
811749672
811750522
811751502
811752932
811753092
811753262
811754862
811756172
811756202
811756822
811756962
811757012
811757462
811757772
811759112
811759422
811759562
811759872
811760722
811761192
811761702
811762172
811762342
811763152
811763462
811763772
811764132
811764752
811765082
811765422
811766542
811766682
811767492
811767522
811767972
811768472
811769592
811769932
811770752
811770892
811770922
811771082
811772402
811772992
811773972
811774332
811774502
811775142
811776882
811776912
811779822
811780332
811780642
811780812
811780952
811781312
811781932
811782742
811782912
811783072
811783862
811784192
811785822
811786012
811789682
811789852
811789992
811790192
811790362
811790672
811790702
811791202
811791792
811792292
811792942
811793132
811793272
811793302
811793442
811795712
811796182
811796832
811797952
811798002
811798312
811798452
811799572
811799742
811800252
811800392
811800562
811800872
811802662
811804592
811804622
811804762
811805092
811805432
811805912
811806722
811807532
811808202
811809942
811810002
811810142
811810452
811810622
811810762
811810932
811812862
811813222
811813702
811814792
811814822
811815462
811815942
811816132
811816302
811816612
811816752
811816922
811818062
811820202
811820652
811820822
811821802
811821942
811822582
811823112
811823392
811823872
811823902
811824062
811824372
811824402
811824712
811825042
811825182
811825212
811825662
811826162
811827452
811828572
811829102
811829552
811830232
811830402
811830682
811830992
811831042
811831182
811831212
811831662
811831832
811833002
811834262
811834742
811835102
811835862
811836672
811836702
811836842
811836982
811837032
811837172
811838012
811838152
811838772
811839272
811839752
811839892
811840122
811840432
811841412
811841692
811841722
811842672
811843512
811843652
811843792
811843822
811844322
811844772
811845132
811845302
811846902
811848832
811849332
811849642
811849812
811849952
811851302
811851612
811853372
811854042
811854212
811854352
811854492
811854832
811855162
811856142
811856592
811856622
811857092
811857122
811857882
811858072
811858382
811858412
811858692
811858722
811859532
811859672
811859702
811860352
811861782
811862002
811862282
811862452
811862762
811862932
811863092
811863262
811863572
811863912
811864382
811864552
811864722
811865702
811865842
811867152
811867772
811867942
811868132
811868272
811868302
811868442
811868582
811868752
811868892
811868922
811869562
811872342
811872792
811872822
811872962
811873012
811873292
811873462
811873772
811873942
811874132
811874302
811874442
811875732
811878332
811878472
811878502
811878782
811879312
811879622
811880272
811880302
811880612
811881112
811881562
811881732
811881872
811882712
811884502
811884642
811884812
811884952
811885002
811885282
811885622
811886092
811886602
811887102
811888672
811890022
811890332
811891282
811891452
811891622
811891932
811892262
811896012
811896772
811896802
811896942
811897272
811897302
811897442
811897752
811898082
811898902
811899372
811900052
811900532
811900702
811900842
811900982
811901792
811902632
811902802
811903132
811903272
811903922
811904082
811904112
811904252
811906042
811909092
811909572
811910732
811911712
811912042
811912182
811912212
811912662
811914932
811915882
811916862
811917702
811917842
811918512
811919152
811920452
811920622
811921092
811922242
811922862
811923532
811924962
811925292
811927082
811927392
811928062
811928682
811929042
811930032
811931462
811932272
811932892
811934232
811935662
811936642
811938432
811939382
811939412
811940372
811941212
811941492
811941662
811941832
811941972
811942162
811942502
811943592
811943622
811944742
811945382
811945412
811945552
811947482
811947512
811947652
811948632
811948772
811948942
811950602
811952362
811952672
811953792
811954152
811954292
811954632
811954802
811955922
811956732
811959472
811959502
811959642
811959782
811959952
811960772
811961922
811962082
811962562
811964042
811964182
811964352
811964972
811966762
811968102
811969052
811969672
811971642
811973432
811973572
811973602
811974242
811974722
811975222
811975672
811975842
811978892
811979392
811980242
811981842
811982172
811984892
811984922
811985082
811985562
811986402
811986992
811987352
811987832
811987972
811988022
811989142
811989592
811990752
811990892
811990922
811991562
811991872
811992062
811992372
811992712
811992992
811993352
811994642
811994782
811994812
811995002
811995452
811995932
811996572
811996602
811996742
811996882
811997102
811997862
811998052
811998222
811998532
811998672
811998702
811999032
812001442
812003402
812003852
812004352
812005022
812005162
812005472
812009532
812009842
812009982
812010042
812010182
812010212
812010492
812011502
812013742
812013912
812014102
812014242
812014692
812015362
812015672
812016482
812017012
812018582
812019392
812019562
812019732
812020072
812020412
812020862
812021672
812021702
812021982
812022032
812022172
812023322
812023772
812024922
812026402
812026992
812027972
812028162
812028332
812029312
812029762
812030132
812030892
812032992
812037072
812037692
812038052
812038362
812038672
812038842
812038982
812039032
812039342
812039482
812039792
812039822
812040332
812041592
812041622
812041762
812042602
812043072
812043692
812045482
812045822
812047272
812047612
812047892
812048252
812048732
812049232
812049402
812049682
812049712
812049992
812050532
812051032
812051512
812051652
812053272
812054112
812054902
812055372
812055402
812055852
812056352
812056662
812057642
812057782
812059912
812061232
812061372
812061542
812061712
812061852
812062492
812062662
812064002
812066242
812067842
812068512
812068822
812069152
812069292
812069772
812069942
812070002
812070142
812070312
812070592
812070932
812071122
812073982
812074172
812074202
812074342
812074482
812074512
812074962
812075292
